width,height
25,25
6,25
25,23
14,9
10,10
16,8
5,4
18,15
25,9
14,16
10,21
20,11
21,1
23,21
3,13
14,24
19,22
11,19
4,16
13,24
6,20
25,14
18,3
6,19
17,22
23,6
5,2
12,11
13,15
11,10
8,8
19,8
15,3
12,25
1,6
12,10
15,21
23,8
9,7
20,20
14,3
8,12
17,15
8,22
18,18
25,6
10,16
23,7
18,17
5,15
21,13
1,7
1,14
5,25
24,16
18,12
8,7
6,10
4,20
3,17
4,15
2,5
23,3
15,14
10,18
11,17
6,24
4,8
1,20
6,11
14,14
6,13
21,6
23,11
20,8
8,5
3,4
22,17
4,12
19,17
19,18
15,2
15,3
6,22
6,2
3,16
12,2
18,23
13,14
21,22
2,9
9,13
8,8
11,3
11,24
13,5
24,25
10,21
11,4
5,25
9,2
8,2
23,11
18,14
8,7
20,20
2,1
3,23
11,13
23,16
22,6
21,9
1,22
22,1
7,22
18,5
18,23
3,14
16,6
1,14
6,12
20,25
21,16
20,22
11,25
12,23
20,10
19,12
12,23
23,14
4,25
6,11
11,6
15,10
22,20
13,5
3,7
4,14
25,15
20,14
7,24
18,18
24,7
7,5
22,6
25,21
25,11
12,17
15,12
6,2
20,5
6,25
16,16
2,6
1,5
13,8
24,5
22,5
25,8
16,23
21,11
20,22
16,23
6,5
2,1
2,4
6,1
21,25
4,9
15,12
3,6
13,9
12,13
1,9
18,16
8,25
8,1
8,14
9,8
16,23
11,23
21,12
14,2
20,25
12,23
22,2
4,1
22,3
13,14
5,21
21,4
25,1
22,23
17,7
16,23
7,5
20,24
3,16
16,19
18,3
6,8
14,4
10,11
20,9
14,14
8,7
12,13
10,23
10,23
19,15
24,12
19,14
9,15
21,22
9,4
5,7
24,12
2,7
3,21
20,2
3,7
21,5
25,23
25,9
20,8
1,12
19,21
1,22
14,7
24,25
11,5
21,11
3,15
17,25
9,5
4,17
5,18
10,19
17,24
25,11
18,10
4,22
16,4
11,15
3,9
19,22
15,6
7,9
12,5
23,15
13,18
7,25
1,25
9,20
15,1
7,23
16,11
22,1
14,20
25,8
24,14
7,9
20,17
11,16
5,22
20,1
7,21
21,21
7,8
22,24
12,6
8,21
17,10
5,17
19,3
13,21
13,1
8,5
14,13
3,1
13,14
23,2
22,22
11,11
2,24
10,4
14,1
1,17
7,4
21,1
4,4
18,14
2,4
19,5
8,11
22,4
24,2
12,17
22,2
20,21
18,11
6,6
7,25
23,18
12,7
14,5
16,13
16,16
21,14
6,13
21,17
19,21
4,6
22,5
13,21
22,10
2,16
24,7
25,17
6,24
20,17
15,22
6,11
9,18
11,8
22,9
22,19
22,24
24,12
25,14
20,24
22,21
22,21
7,21
15,16
16,7
10,20
21,13
23,22
7,10
13,8
7,4
20,7
2,13
2,11
12,17
15,12
6,10
13,12
5,24
18,6
9,20
25,12
2,7
25,18
17,17
25,3
3,15
1,16
5,14
3,9
6,9
2,5
6,4
22,8
19,12
3,17
22,13
7,23
4,8
8,4
24,22
25,13
17,1
4,15
1,17
18,10
1,24
24,21
10,2
9,18
4,2
12,4
7,8
21,3
5,12
9,22
4,8
18,4
18,16
19,18
12,14
18,19
20,9
15,8
8,23
2,9
5,10
15,1
19,16
12,20
1,1
4,14
3,24
18,11
6,14
6,5
5,7
9,21
25,6
3,3
19,9
22,22
1,19
23,22
20,18
8,4
13,6
25,4
18,4
5,21
19,5
20,2
20,13
17,4
2,9
19,15
20,11
4,6
1,4
6,15
10,24
16,22
12,1
1,7
6,11
20,1
21,9
16,7
16,23
25,12
22,3
21,4
2,25
16,10
11,20
20,6
16,1
16,9
13,14
7,18
23,23
8,24
9,20
14,23
16,23
9,3
11,16
15,25
17,23
18,18
14,4
17,10
6,8
15,24
15,9
15,5
18,22
15,1
24,7
8,5
1,14
22,24
3,7
20,17
6,25
7,25
19,12
11,25
4,25
11,8
22,10
10,12
13,12
11,20
1,16
12,25
7,25
24,3
17,19
9,24
7,20
17,11
15,25
5,18
21,20
11,4
15,7
13,24
25,15
23,8
14,22
17,15
10,15
4,22
9,25
21,6
17,12
24,3
11,24
4,19
16,21
18,14
25,24
19,3
6,13
7,3
23,7
15,3
13,11
22,19
25,16
7,5
14,21
9,9
21,11
16,7
2,16
12,21
3,13
2,9
6,25
14,1
13,18
17,5
5,14
14,15
4,23
12,25
23,6
12,14
24,15
12,12
20,1
1,4
16,14
7,19
21,24
1,25
17,1
18,11
9,12
20,13
7,12
19,6
6,6
7,12
16,16
1,11
24,4
4,7
20,21
24,14
25,17
10,14
21,21
22,22
2,20
6,18
8,25
16,17
23,10
7,20
22,14
3,21
19,1
24,15
9,14
20,9
20,14
7,22
6,15
15,7
5,10
20,8
8,3
14,18
13,20
15,20
3,7
2,16
17,22
5,23
25,5
8,11
24,18
9,17
25,19
16,11
9,25
11,12
3,6
7,15
12,19
19,13
16,1
5,22
19,20
16,7
23,13
13,22
7,9
23,14
13,14
11,20
16,8
4,25
14,19
14,21
12,19
23,12
12,12
9,18
22,23
18,17
18,23
21,21
4,25
22,10
24,16
8,6
9,22
12,12
10,19
13,6
3,11
9,20
12,24
7,9
5,1
23,22
11,10
10,17
5,6
21,17
3,10
5,24
16,25
24,25
22,13
20,23
4,18
23,4
14,9
14,3
12,9
7,20
20,15
13,1
13,18
17,23
23,14
14,11
1,23
15,7
15,5
8,6
3,2
20,19
10,21
19,14
8,7
24,17
24,13
24,1
14,6
19,7
15,5
24,3
3,25
24,23
24,17
16,16
22,13
5,1
14,18
6,4
12,7
1,10
24,11
2,14
25,22
10,23
19,25
15,25
8,1
20,11
24,11
2,24
16,19
9,19
1,12
15,11
2,23
20,2
8,14
10,6
3,10
16,16
4,1
14,10
9,6
12,8
21,2
15,5
1,20
1,24
10,9
10,25
17,11
25,16
19,6
19,16
12,22
5,18
24,23
23,18
2,19
19,20
11,1
11,15
17,10
14,20
24,2
14,2
21,7
2,25
12,25
8,4
25,22
19,14
23,13
25,13
18,20
1,7
17,17
3,19
15,4
22,7
8,24
6,3
13,12
3,6
6,20
5,18
13,8
25,23
10,25
22,12
20,16
4,20
1,1
18,18
15,22
17,7
16,20
25,14
1,25
20,15
5,4
6,19
3,14
3,23
4,5
14,11
16,24
9,7
17,25
6,6
11,5
20,4
16,8
17,13
13,10
7,16
25,8
3,7
10,19
20,6
1,6
24,3
8,9
8,18
12,25
15,5
23,13
11,25
22,15
16,4
5,16
15,14
15,11
9,9
17,18
19,3
17,7
9,18
15,10
18,3
14,2
24,4
18,20
25,15
8,21
12,8
22,17
18,3
7,25
25,8
9,15
16,12
25,7
18,17
14,19
14,8
3,23
23,8
23,23
6,4
5,14
12,17
23,23
14,14
11,4
2,4
13,22
25,6
9,6
6,5
17,12
1,4
13,20
25,14
11,16
1,14
25,10
14,14
23,24
19,5
5,4
18,10
8,4
8,9
12,15
24,2
15,12
19,22
1,16
14,10
19,5
9,15
13,7
16,2
10,13
11,9
17,6
7,19
19,18
22,25
20,24
9,18
24,1
19,21
21,24
16,11
4,24
5,11
7,23
15,11
21,19
16,25
8,22
3,4
17,4
3,18
25,22
13,7
9,22
8,22
4,14
7,21
14,9
25,11
13,16
18,7
17,23
18,13
10,15
6,3
5,2
12,9
5,15
19,6
18,25
11,9
6,23
24,7
8,25
19,1
14,16
9,19
7,14
22,14
4,24
5,23
3,17
4,4
9,25
4,18
14,3
22,4
7,9
7,23
13,12
15,22
7,7
18,20
23,21
3,20
23,1
5,2
25,15
24,18
12,11
18,13
14,6
2,3
5,17
8,17
17,5
23,15
2,14
5,22
9,11
23,8
18,13
11,2
8,23
23,21
4,20
19,25
20,24
17,12
12,23
9,11
14,4
1,16
5,8
2,22
10,7
7,1
16,4
21,8
16,12
17,5
16,5
14,17
12,18
20,23
25,10
12,8
20,1
6,19
14,18
10,25
24,25
11,24
6,14
19,6
14,16
14,1
11,6
6,16
5,8
13,22
19,8
5,13
24,13
14,12
11,21
11,22
4,24
22,21
23,7
23,1
7,1
25,22
25,9
2,2
24,11
24,16
