width,height
25,10
8,5
15,4
20,4
15,2
13,2
19,1
22,2
4,5
9,1
24,1
16,5
1,4
9,4
17,4
15,2
1,4
10,2
4,2
18,3
1,2
25,4
11,3
20,1
10,3
13,3
17,1
10,1
3,4
8,2
19,3
17,5
6,5
24,5
8,1
17,5
16,1
16,4
12,5
18,5
24,4
12,3
16,5
20,3
22,1
14,1
20,3
24,2
8,2
15,1
4,2
12,1
11,2
8,3
23,3
6,5
5,5
21,2
13,3
8,4
20,2
5,3
9,5
14,1
1,4
3,5
22,2
20,3
13,5
18,2
5,4
23,3
4,1
20,4
23,1
13,2
2,4
20,2
11,1
18,2
13,5
8,2
21,5
8,2
14,1
2,1
9,2
3,1
3,2
12,4
21,2
11,3
19,5
16,2
16,2
9,4
24,4
14,4
7,4
18,5
8,3
20,5
3,2
4,1
18,3
25,4
14,1
24,5
2,2
9,5
16,5
3,3
3,5
21,4
1,2
3,3
1,2
18,3
16,2
5,2
16,2
2,1
11,3
18,1
14,3
9,1
24,3
23,1
16,4
17,4
10,1
1,5
12,1
24,5
17,4
7,2
8,2
25,1
25,2
16,4
17,5
14,4
18,1
17,2
9,2
7,2
21,5
11,3
10,2
4,3
2,2
3,4
24,2
10,5
10,3
5,1
9,3
21,4
2,1
1,4
12,4
23,4
12,5
14,5
20,1
20,4
18,3
24,2
9,5
3,3
7,2
21,4
24,4
8,2
16,3
1,2
24,2
5,3
22,2
15,2
2,2
24,5
12,5
21,1
3,2
9,4
10,4
5,2
14,5
18,2
11,1
10,1
25,1
24,4
4,2
17,3
17,4
2,3
20,3
14,3
23,3
18,4
24,4
18,1
7,3
9,1
6,1
18,2
14,3
11,1
19,3
5,3
3,4
1,4
11,3
4,3
15,5
8,5
11,2
11,1
7,3
22,2
19,4
24,3
16,2
14,5
17,4
2,2
16,2
17,5
19,3
19,5
15,5
1,5
15,4
16,2
17,3
6,4
2,1
24,4
7,2
4,3
14,4
1,2
4,1
3,5
7,1
6,4
11,1
24,1
11,4
18,2
22,2
24,4
12,4
15,4
17,1
7,4
18,5
19,4
12,1
12,1
23,4
16,3
20,4
17,4
2,4
20,2
4,2
13,2
20,3
16,3
19,5
13,1
9,1
10,1
20,3
7,4
9,5
7,5
10,5
6,3
5,3
22,4
3,1
19,3
13,3
8,4
24,5
21,5
21,2
15,2
8,1
7,3
2,3
13,3
9,4
22,4
7,5
15,5
17,3
15,1
23,2
17,5
6,2
4,1
5,5
19,3
14,5
24,4
5,5
21,4
24,4
7,3
1,5
14,2
4,4
21,4
20,2
6,2
2,2
10,3
16,1
10,4
13,2
5,5
11,2
20,3
11,3
16,1
3,5
17,3
7,1
21,2
8,3
24,5
17,5
20,5
20,4
14,3
20,5
1,5
4,3
24,1
16,3
11,5
25,1
10,2
2,4
14,3
23,2
8,2
12,1
16,3
25,4
15,2
23,1
17,2
25,2
18,4
4,5
9,4
11,3
16,3
2,2
17,2
23,1
18,2
15,3
2,2
2,1
18,5
15,1
1,4
22,5
9,3
7,3
23,2
19,2
15,5
18,4
15,1
10,1
9,3
22,4
2,2
9,2
4,3
15,4
20,1
11,3
7,4
25,3
16,3
13,2
19,3
2,1
8,4
21,2
19,1
16,2
15,5
8,3
20,3
4,5
17,3
11,1
7,4
7,5
21,1
20,3
24,2
24,4
20,3
18,4
18,2
3,4
1,2
22,2
24,1
21,3
12,4
5,5
21,2
22,3
14,3
2,3
12,5
24,3
18,5
9,5
6,2
8,1
4,5
22,2
2,2
1,5
8,4
17,1
11,2
23,2
16,1
10,5
17,2
7,5
14,3
9,2
23,4
19,3
4,1
13,4
10,5
5,3
16,5
3,5
2,5
3,1
14,2
17,3
24,1
13,5
22,1
1,2
3,4
2,4
16,4
16,3
7,5
22,4
15,1
19,4
1,5
15,5
9,4
17,1
22,3
2,2
8,3
3,4
5,2
14,5
10,2
11,2
25,4
7,3
14,4
15,5
1,2
17,1
23,3
16,1
14,3
10,2
22,5
22,2
17,4
15,3
2,5
2,2
19,2
4,4
14,5
10,3
14,1
2,3
17,3
24,3
7,4
2,1
11,3
14,3
23,2
13,4
15,2
4,2
1,5
16,4
17,4
8,4
14,4
9,3
17,5
13,4
13,1
5,1
9,3
17,2
22,4
24,5
8,3
16,5
21,2
4,4
24,5
10,1
19,3
6,4
11,3
17,2
14,1
4,5
13,5
21,3
19,5
14,1
2,2
13,2
2,1
23,1
4,3
11,4
11,5
4,1
5,2
3,5
22,5
16,1
6,1
10,1
20,4
23,4
9,3
13,2
16,1
21,1
11,4
4,2
17,5
20,1
20,1
1,4
13,3
17,4
21,4
17,3
17,5
24,3
13,1
11,4
24,4
24,4
14,5
12,5
10,5
3,2
11,1
13,4
8,5
7,4
22,1
11,5
15,2
6,2
23,4
23,4
12,2
3,1
3,2
8,4
20,4
15,1
3,5
13,4
24,1
6,1
20,4
4,2
21,4
22,2
13,5
13,5
19,4
9,1
5,3
22,1
11,4
14,5
24,5
11,1
3,5
24,3
7,1
8,4
24,5
24,2
12,5
25,5
3,2
16,5
3,1
15,4
16,5
6,2
22,3
17,1
4,2
15,2
23,4
1,4
5,3
16,3
1,3
15,2
16,1
6,4
18,1
2,1
4,1
13,3
18,2
24,2
25,4
20,2
3,2
20,4
13,1
11,1
19,1
6,3
11,4
9,2
13,2
14,4
5,1
10,5
25,3
15,2
23,4
5,5
13,5
21,5
20,2
1,1
14,3
3,4
14,5
1,1
21,4
20,5
22,5
18,2
11,1
15,3
11,5
10,1
2,3
13,5
9,4
11,5
15,1
16,3
9,1
24,5
12,3
1,4
11,1
13,4
7,2
22,5
16,1
2,2
15,3
7,3
19,5
25,5
4,1
10,3
20,1
5,2
19,3
19,2
14,5
7,3
24,2
14,2
20,5
10,3
24,5
14,1
23,2
17,2
19,2
8,5
11,2
20,3
1,5
15,5
17,1
2,5
25,2
23,3
16,3
5,4
1,4
10,3
13,4
12,1
20,2
25,1
24,1
24,3
13,5
9,5
8,4
9,5
17,5
2,4
25,2
20,4
10,1
7,1
21,4
8,4
17,4
11,2
7,4
12,5
8,2
11,3
2,3
1,1
9,4
8,5
3,1
2,2
25,4
20,2
23,1
22,5
21,4
7,3
22,4
15,4
2,5
22,3
24,1
12,4
8,3
20,5
22,3
1,3
7,1
25,3
7,4
23,3
19,5
5,2
16,5
25,1
14,1
22,1
16,2
8,4
2,3
14,5
8,4
10,1
2,5
12,1
16,1
17,2
12,4
22,5
20,3
14,4
21,3
9,3
19,4
24,1
24,4
20,4
15,2
4,5
25,1
24,2
16,4
14,3
12,4
17,1
2,3
17,5
21,3
20,4
13,4
10,2
1,1
2,4
13,5
12,5
22,3
18,1
4,2
20,1
13,1
7,5
10,1
22,4
23,3
1,4
12,4
10,3
3,4
2,4
11,1
5,3
7,2
21,3
2,2
16,1
25,4
16,5
17,1
21,5
23,4
3,4
6,2
25,5
9,1
19,2
1,4
4,5
3,3
14,1
22,4
5,3
19,1
9,3
9,5
24,1
20,4
2,2
5,3
18,3
3,1
9,2
23,1
25,3
3,2
22,5
24,4
12,5
4,2
9,4
23,5
25,4
15,4
4,2
5,4
10,4
20,3
16,5
5,5
4,2
1,1
5,5
8,2
20,4
4,4
15,4
2,3
3,1
21,4
25,3
11,1
14,2
7,2
2,2
21,1
20,3
25,1
3,5
9,3
5,1
25,2
21,5
9,1
17,3
3,4
10,4
12,1
12,3
19,2
7,4
9,1
2,4
8,2
14,3
1,2
16,2
1,2
6,4
2,5
8,5
18,2
20,2
23,1
7,2
14,5
16,2
11,4
7,4
15,1
16,1
16,3
14,1
20,5
20,1
17,3
25,5
21,2
14,1
21,1
2,5
3,1
11,2
10,2
17,2
24,3
12,1
4,4
20,3
19,1
7,1
2,4
9,3
4,5
6,3
15,2
2,4
15,5
23,3
16,3
25,1
3,4
13,5
3,1
20,1
22,1
10,4
9,5
25,2
3,3
24,2
22,5
1,1
17,2
22,5
22,4
16,2
13,4
2,4
6,4
11,4
2,2
11,4
9,2
24,5
25,4
4,1
11,2
1,5
