width,height
25,25
18,2
11,2
4,3
1,5
24,2
15,3
21,5
24,3
18,4
2,2
4,2
10,4
24,1
2,1
19,4
15,2
23,2
6,5
14,1
21,5
6,5
11,1
17,3
10,2
9,3
21,2
16,3
19,4
4,5
22,2
3,5
20,5
24,3
10,3
10,1
15,3
23,5
7,4
4,1
16,4
1,2
19,4
8,4
22,1
12,5
4,4
21,2
19,1
14,1
23,5
24,3
18,2
5,5
12,3
6,4
11,5
4,1
4,4
2,2
22,1
20,5
17,5
11,3
9,1
13,5
10,1
1,3
24,1
16,5
19,5
14,2
18,4
3,1
20,3
4,1
7,2
25,3
2,1
23,4
17,3
11,5
23,4
23,5
21,2
21,2
17,4
22,4
20,4
15,4
24,5
18,5
18,5
4,4
9,1
13,3
3,1
7,2
5,5
7,3
8,4
1,4
9,1
16,1
12,5
20,5
2,3
18,1
22,4
12,3
23,2
14,2
16,3
13,2
18,3
19,5
4,1
20,5
3,2
7,5
23,1
1,1
3,3
4,2
16,3
23,3
8,3
3,1
17,5
23,1
19,2
13,5
5,3
3,3
22,5
20,5
4,4
22,3
7,5
8,4
14,3
25,5
5,4
19,5
21,1
15,1
23,1
2,5
4,2
5,1
5,2
23,5
9,3
6,5
7,4
23,4
12,1
18,1
25,3
8,5
15,5
14,5
21,1
25,3
23,5
12,1
6,5
22,5
24,2
1,1
6,4
20,2
22,3
7,1
17,3
14,1
5,1
24,1
4,4
13,2
6,1
19,5
7,5
16,1
24,3
6,3
1,4
4,4
13,1
12,4
2,1
4,2
9,2
12,3
2,5
2,1
3,5
22,5
17,5
20,2
3,3
6,1
25,3
24,1
17,3
21,1
16,2
11,1
23,5
7,4
19,2
4,5
4,2
9,4
3,4
9,3
2,1
6,3
23,5
7,1
25,4
3,5
2,5
18,4
23,1
10,2
18,5
2,3
7,1
11,4
25,3
25,1
22,1
18,3
13,1
13,3
9,4
2,4
6,3
14,1
16,5
13,1
18,4
8,5
1,1
19,3
11,1
6,4
13,1
9,4
22,4
13,2
8,3
2,5
18,3
6,2
10,2
11,2
19,2
9,2
7,1
19,4
7,4
17,5
18,5
5,1
20,1
22,3
10,4
4,2
23,1
7,1
22,4
12,2
19,2
11,2
6,1
14,4
1,3
14,1
18,2
5,3
20,1
14,4
19,3
19,2
19,5
25,5
11,4
15,2
10,5
10,4
20,3
12,2
25,4
1,5
16,2
12,3
25,5
4,5
21,5
6,1
3,5
21,1
23,1
5,1
5,3
23,3
1,4
20,5
25,4
4,1
12,3
8,1
10,5
11,1
18,1
19,3
4,5
6,1
2,1
15,1
7,5
2,2
25,5
7,3
11,3
24,2
12,3
11,4
5,2
23,4
1,5
8,2
11,4
13,5
13,1
20,4
21,3
19,5
17,4
22,1
7,5
11,2
5,4
24,5
11,1
1,1
12,2
5,1
7,4
10,1
8,5
22,3
8,3
9,5
3,5
5,4
22,1
1,5
14,3
3,2
24,1
14,4
25,1
15,1
13,4
9,4
21,5
7,4
7,4
13,1
8,5
21,5
25,5
13,2
10,4
7,1
16,3
19,5
10,3
21,2
24,2
23,3
6,5
9,2
7,2
20,1
1,4
12,2
11,3
25,1
13,1
17,3
12,3
3,4
1,2
21,4
8,2
10,5
4,4
13,4
14,4
16,2
22,2
1,2
16,4
23,5
25,1
9,4
13,3
15,2
17,5
13,5
17,3
18,2
2,2
14,2
16,3
19,1
17,2
21,5
11,1
21,3
17,3
7,4
3,1
4,3
10,3
17,1
8,4
4,1
14,1
13,5
25,4
2,5
8,2
4,4
8,3
2,5
3,2
19,1
18,4
14,5
9,1
18,5
18,4
19,4
10,1
16,4
19,5
20,4
19,4
10,2
1,1
8,1
11,3
23,1
10,5
16,3
15,5
12,4
7,5
8,2
16,4
9,1
22,4
12,5
18,1
17,1
20,2
11,1
7,4
4,3
20,3
1,4
10,4
2,3
25,3
22,3
25,1
10,4
22,5
22,1
12,5
18,1
19,5
14,5
8,3
24,3
3,5
17,3
24,5
8,4
18,5
18,4
1,4
24,3
25,4
19,1
15,4
14,3
3,3
6,4
22,4
12,4
25,1
5,1
4,4
24,5
21,4
9,4
6,5
12,3
9,3
23,5
20,1
2,2
20,1
14,1
2,4
24,4
4,1
25,3
6,3
20,5
23,3
21,5
8,3
8,2
15,3
8,4
20,2
16,4
9,2
23,1
24,4
2,2
14,3
11,1
8,5
11,1
6,4
19,5
10,2
5,4
7,3
20,2
18,4
8,5
16,3
21,3
24,4
9,3
5,1
6,3
23,2
20,4
13,2
16,4
8,1
16,2
21,1
17,1
22,5
19,3
10,2
19,4
22,5
15,4
6,4
25,4
16,4
5,3
17,2
6,1
12,1
3,5
19,2
3,1
20,1
19,2
12,3
9,5
3,4
2,1
8,3
12,4
14,3
23,4
18,2
23,2
4,5
15,3
20,4
2,5
14,5
3,4
19,2
5,2
15,2
4,3
2,2
10,5
15,2
22,1
22,2
3,2
19,3
2,2
2,2
12,1
14,3
11,2
6,2
7,2
25,4
1,1
13,2
18,4
24,5
11,5
4,3
22,1
6,1
17,4
9,2
13,4
9,5
23,5
23,4
7,2
14,5
6,1
4,2
13,3
2,2
25,5
24,2
12,1
6,4
19,5
16,1
2,2
10,1
17,4
13,4
1,3
18,1
18,1
4,1
24,4
17,5
15,4
11,3
24,3
12,1
2,2
16,5
7,2
12,1
3,2
17,5
17,5
2,2
3,4
8,3
5,3
16,5
22,5
23,1
15,5
18,5
24,4
4,2
23,3
8,5
10,1
15,4
6,1
20,5
4,2
2,2
21,3
18,3
18,2
11,3
17,5
19,4
2,5
7,4
17,4
10,1
20,2
2,3
25,4
19,5
21,5
17,3
11,4
7,4
10,3
16,3
14,3
17,2
4,1
10,1
16,2
9,1
15,5
14,1
11,5
7,3
11,3
16,3
17,2
22,2
13,5
15,1
11,3
14,4
18,5
13,1
2,1
16,4
10,2
11,1
16,2
1,5
5,2
12,1
25,1
16,2
10,3
6,2
12,2
16,5
7,4
5,4
2,2
12,4
23,1
21,3
1,2
18,2
23,3
5,3
15,5
5,4
9,3
14,3
9,5
24,1
12,5
18,3
7,2
18,1
3,4
8,4
22,2
14,4
18,3
13,4
12,5
12,3
17,3
24,2
1,2
12,5
21,2
2,5
17,1
24,4
5,2
18,1
15,4
1,4
14,1
17,2
16,3
9,5
9,1
16,4
12,5
22,2
16,2
13,4
8,2
10,3
17,5
22,3
25,3
1,3
24,3
9,1
17,5
2,1
7,2
20,2
23,2
23,3
9,3
9,4
8,4
4,1
5,5
11,4
2,1
21,2
22,4
20,2
18,3
25,1
4,2
9,3
15,3
1,4
7,1
25,3
18,1
7,5
13,3
5,4
25,2
24,1
15,1
20,3
16,2
7,2
15,1
11,3
2,1
3,3
9,4
25,5
24,4
12,3
17,1
18,3
23,2
10,2
22,3
21,2
9,4
23,2
18,4
14,4
10,5
12,1
17,2
6,3
13,1
16,3
18,4
23,1
5,4
14,3
17,2
21,5
8,4
5,3
8,2
21,5
23,2
4,5
2,4
22,4
25,5
1,1
13,1
5,2
8,2
10,1
21,4
24,5
7,5
7,4
8,1
15,3
24,1
12,5
4,2
9,5
6,2
1,3
13,1
3,3
11,1
17,3
5,4
6,5
8,3
9,3
8,4
24,4
15,4
20,3
12,5
22,1
1,3
24,2
11,4
12,4
16,2
21,2
16,4
1,2
23,4
11,2
12,2
4,2
8,1
25,3
9,4
4,3
7,4
9,1
8,3
23,2
7,4
10,4
9,1
6,1
13,3
9,3
14,3
20,5
12,1
9,3
5,2
18,1
10,3
13,1
9,3
3,3
2,3
22,2
12,3
21,5
14,4
7,1
20,2
3,1
1,5
13,4
12,4
5,4
13,4
25,5
6,1
24,5
21,3
9,4
19,2
7,2
13,2
5,4
24,5
12,1
8,5
20,5
25,4
8,4
16,3
4,1
23,3
2,1
4,3
2,3
18,4
9,5
5,1
19,4
6,1
5,2
22,4
3,4
22,1
24,1
22,3
25,3
22,3
14,4
21,2
10,1
10,3
9,5
23,5
6,1
10,3
8,3
15,2
16,1
3,1
19,2
23,5
24,4
1,3
8,5
8,2
7,1
