width,height
10,25
10,5
3,25
5,25
3,23
9,17
3,1
5,4
10,14
3,3
2,6
9,18
6,16
10,23
3,6
1,22
5,14
10,13
9,16
2,24
8,14
5,16
4,15
6,2
5,16
4,5
7,20
9,6
3,21
1,22
5,5
10,5
8,20
9,4
6,10
8,21
4,4
1,9
4,14
2,24
4,6
9,9
3,2
7,25
7,9
7,7
6,11
6,6
10,20
1,10
9,19
9,4
4,19
3,3
8,2
5,23
2,9
10,11
8,22
2,24
5,8
8,11
6,19
5,8
7,25
3,20
5,13
4,20
8,7
7,17
5,20
6,23
7,7
5,1
5,13
7,12
3,8
4,7
8,4
4,21
5,7
9,3
3,19
4,2
7,18
3,4
3,23
9,16
2,15
3,23
6,8
6,23
10,9
7,24
1,6
6,18
9,14
6,12
10,12
7,22
6,19
8,12
3,2
9,12
10,10
8,14
5,21
7,4
3,11
8,6
2,1
8,8
7,20
5,23
1,25
3,24
3,9
3,24
3,11
7,2
5,17
8,24
1,18
4,3
9,22
7,5
1,18
4,3
3,12
7,22
4,24
6,18
7,10
1,11
3,1
8,18
7,18
5,3
2,20
1,15
7,1
8,9
9,9
5,22
10,4
8,18
4,9
5,23
5,20
8,15
8,16
3,10
1,23
6,19
8,12
3,13
9,21
8,11
3,3
7,8
9,25
7,25
7,13
3,5
1,6
7,5
4,15
7,5
3,9
2,9
4,15
1,4
8,2
7,23
6,7
2,14
3,3
2,25
2,21
9,12
1,16
5,21
5,3
10,10
9,18
10,11
2,9
10,10
5,5
5,21
5,3
8,15
3,10
2,15
10,12
8,14
1,21
7,5
3,3
3,10
3,11
9,2
10,4
6,24
9,22
6,7
2,10
1,23
5,18
8,2
5,25
10,12
8,11
8,22
3,4
10,4
10,3
1,20
9,24
3,23
6,25
7,19
4,21
9,12
2,14
7,10
10,20
4,1
9,4
7,7
4,13
8,7
3,10
6,4
5,14
8,8
9,10
6,3
4,19
4,4
4,8
8,21
10,15
10,11
10,25
2,3
3,9
7,20
5,22
6,11
7,7
2,6
10,8
10,13
9,13
1,14
10,14
8,14
9,22
9,24
10,23
3,16
6,5
1,23
8,6
2,1
3,15
5,12
7,2
7,19
8,16
3,21
10,7
6,1
10,17
4,1
10,2
10,14
3,5
3,10
1,10
10,19
8,23
2,14
1,5
7,8
6,22
2,11
8,15
3,13
3,6
5,10
2,20
2,23
4,2
3,19
10,21
9,16
8,7
10,25
2,19
4,22
8,22
10,13
4,18
1,23
5,14
2,16
3,15
1,12
2,18
10,12
10,25
1,18
9,9
5,7
7,23
4,25
10,19
5,17
4,23
7,2
2,7
1,17
5,2
7,23
5,16
10,3
2,18
7,6
5,17
3,14
8,17
9,11
4,23
2,3
8,5
8,18
5,20
9,19
9,14
3,10
3,22
5,13
4,21
1,2
8,8
1,24
10,5
6,17
7,12
1,20
6,23
6,22
8,12
8,17
2,10
6,10
10,19
2,11
2,22
4,25
10,4
4,17
9,13
5,6
8,10
4,2
7,21
1,4
9,18
6,22
6,13
10,10
1,16
9,10
9,4
4,20
8,25
4,22
2,25
10,24
9,20
7,18
7,18
10,25
2,20
8,25
3,22
6,1
4,8
2,22
10,12
8,16
5,15
5,19
9,7
6,15
5,7
8,21
8,19
1,20
7,5
8,19
9,3
4,8
10,2
2,19
3,25
10,7
10,20
6,18
8,19
7,2
5,7
5,12
9,14
4,24
9,13
1,15
8,9
4,10
2,13
1,24
3,11
9,2
6,10
8,10
2,8
7,7
3,18
1,5
8,11
7,3
1,17
7,6
6,7
10,17
2,3
3,11
7,7
1,25
2,5
7,25
9,2
2,16
8,24
7,15
3,1
9,23
1,10
3,17
7,12
10,11
9,5
9,23
6,2
9,1
4,8
4,3
2,11
4,14
1,19
8,23
6,3
6,23
6,1
1,7
9,16
1,13
3,8
8,13
7,6
7,8
8,8
2,22
6,6
6,22
3,5
9,1
2,7
7,15
1,10
9,18
9,3
1,22
8,4
10,16
7,4
7,23
6,10
7,10
10,19
10,24
8,11
9,17
3,4
4,10
9,3
8,10
3,9
4,1
10,13
8,19
9,18
5,9
10,20
6,4
8,25
2,6
8,23
10,15
5,5
2,2
9,14
8,21
5,12
1,24
6,8
2,10
9,1
7,1
2,3
1,13
5,6
6,22
1,7
3,21
6,23
4,3
10,20
9,25
6,5
1,25
10,22
2,14
3,4
9,10
2,21
1,16
1,4
2,24
5,6
7,13
10,11
5,10
10,4
3,1
2,4
2,16
2,24
7,17
9,7
5,25
2,18
9,7
9,20
4,24
7,7
5,18
6,3
6,13
7,6
6,23
7,25
10,19
10,9
9,16
3,5
9,13
3,11
6,19
3,5
9,10
7,11
10,12
10,20
8,3
5,25
2,18
4,16
10,3
8,9
7,25
8,17
4,13
3,20
8,10
4,24
10,18
6,13
9,21
9,25
9,12
5,2
8,10
10,10
4,15
4,22
7,24
4,15
1,13
3,17
2,15
8,7
4,4
7,22
8,9
3,24
8,24
6,12
6,3
2,5
10,7
8,16
2,14
7,1
1,18
10,8
4,20
2,7
2,4
1,6
1,13
4,21
4,16
7,9
1,14
9,18
6,22
5,22
3,8
2,18
4,1
1,17
9,22
6,18
4,19
8,8
6,21
6,7
1,4
8,17
6,6
1,3
7,1
4,3
7,25
4,24
3,3
10,19
6,9
1,2
4,7
2,3
4,11
6,24
6,8
9,19
3,5
6,3
1,22
4,10
9,10
3,19
6,9
5,18
5,25
8,10
5,6
8,22
10,24
3,1
1,24
1,5
9,1
5,23
4,18
2,15
2,13
8,23
1,22
9,13
8,9
6,17
5,2
6,12
6,4
7,5
8,5
9,12
6,6
6,11
4,1
7,20
4,4
9,20
2,25
4,14
1,19
2,5
6,5
3,3
1,25
3,19
1,3
10,7
7,22
3,22
4,24
2,14
5,21
6,2
3,2
9,21
2,19
6,2
6,1
10,9
6,10
9,3
4,19
5,21
5,20
3,15
1,2
4,19
9,25
6,13
2,25
2,20
5,15
7,17
9,6
3,9
8,24
3,5
3,21
4,13
6,25
7,20
6,20
9,9
1,10
10,9
6,4
6,14
2,12
2,1
10,16
9,22
6,4
2,25
10,4
5,2
9,21
8,9
2,19
10,6
1,19
6,24
9,22
8,19
4,18
4,14
1,4
5,17
10,25
2,16
2,2
4,20
4,20
1,21
2,23
6,6
5,7
2,15
7,18
10,17
7,24
1,24
8,6
4,10
10,5
7,3
2,6
6,19
5,9
9,4
5,22
6,18
3,10
9,7
2,12
9,21
6,5
4,23
10,7
10,20
5,23
10,5
7,17
3,1
3,19
3,7
3,13
4,7
1,7
5,14
1,21
3,14
7,3
7,15
2,22
8,4
4,4
1,7
9,20
7,14
3,12
8,11
4,15
4,25
1,16
6,4
2,10
9,1
6,13
10,25
8,12
7,10
7,24
10,4
2,15
4,10
2,9
4,6
10,24
2,20
6,1
6,11
2,11
8,21
2,21
6,10
6,11
1,1
6,13
9,12
9,16
9,10
3,18
5,25
4,2
5,10
5,1
9,18
9,8
5,20
9,3
7,6
4,5
1,20
6,2
1,14
10,25
8,8
9,9
1,11
6,25
2,19
10,10
6,8
8,13
4,24
4,7
6,9
8,10
7,22
9,8
1,9
8,4
6,12
10,13
7,4
5,12
6,11
1,5
7,11
2,7
7,12
6,16
3,2
2,8
9,13
4,13
1,14
10,11
5,4
1,19
8,13
1,25
2,15
3,18
9,13
3,23
9,19
4,12
5,16
1,16
6,3
4,1
8,22
6,18
5,11
4,20
10,6
3,4
5,6
5,18
5,1
10,6
10,7
1,15
2,24
10,6
8,11
9,3
3,10
10,25
8,15
1,17
8,16
7,24
9,18
9,19
2,24
10,15
6,8
7,17
6,22
10,14
1,12
5,13
7,15
2,14
8,25
9,23
2,1
2,11
6,22
9,11
10,12
2,14
6,1
7,22
7,7
10,24
6,20
8,6
9,14
8,3
10,24
3,19
5,23
2,3
3,6
2,8
10,11
8,10
9,3
8,24
2,4
6,1
7,4
10,8
9,9
10,17
1,24
9,5
9,4
8,5
5,5
5,13
1,4
8,24
6,21
7,8
8,7
8,3
3,11
10,21
4,2
8,6
10,10
9,19
7,5
9,18
10,8
8,16
3,25
