width,height
25,25
2,1
1,13
2,9
5,24
2,24
1,22
4,9
5,6
2,20
4,8
3,9
4,2
3,11
5,10
5,25
3,12
5,8
3,12
2,14
4,22
2,8
4,24
2,21
4,8
3,13
3,21
1,16
3,5
1,21
5,9
5,5
2,5
3,18
4,7
1,1
5,9
4,9
1,18
5,2
1,2
5,7
3,23
3,23
2,4
2,19
4,5
1,15
5,11
1,6
1,10
2,9
4,23
1,2
3,20
5,20
1,24
4,15
5,23
2,9
2,19
5,24
2,5
1,6
3,17
2,3
2,9
1,21
4,20
4,2
4,11
3,22
3,16
5,24
3,10
2,9
5,3
4,8
1,24
5,11
1,24
2,10
4,14
2,20
1,9
5,15
3,22
2,15
2,8
3,23
1,2
3,4
2,14
2,15
3,20
4,14
3,11
3,11
1,4
1,22
2,3
5,12
5,17
5,9
2,6
1,6
4,10
3,24
2,24
5,7
5,6
2,12
3,25
3,11
1,2
3,9
5,14
4,17
1,11
2,4
2,6
1,6
1,17
4,5
3,2
2,25
3,8
3,13
2,5
2,16
4,15
2,13
5,8
4,23
5,25
4,4
1,6
4,5
2,4
5,21
2,9
1,24
1,8
5,25
1,16
3,2
3,17
5,20
3,25
4,6
3,14
5,5
4,14
2,18
4,13
5,5
3,23
1,8
1,16
1,4
2,23
1,19
4,1
5,13
5,1
1,23
1,9
4,9
4,25
1,11
2,22
5,8
5,25
5,7
5,8
5,11
2,1
3,8
4,8
2,22
3,2
2,4
3,19
5,20
3,23
4,12
3,20
1,10
4,2
3,9
3,19
4,8
1,24
1,12
2,3
1,23
1,21
1,9
4,7
3,9
5,1
1,21
1,12
4,8
4,20
3,14
1,4
3,21
5,6
2,25
1,19
4,8
3,8
3,25
5,24
3,19
1,1
3,19
4,22
4,13
3,8
3,23
4,3
2,13
4,19
1,11
3,3
1,8
1,7
1,24
4,25
2,20
3,11
1,15
5,6
1,25
2,9
3,1
2,24
1,17
3,16
3,10
4,6
1,8
5,10
2,20
5,25
4,19
5,14
2,23
1,21
1,7
3,19
1,3
1,7
4,4
3,3
1,13
1,25
2,8
1,22
4,14
5,17
2,24
5,6
1,15
5,20
2,25
4,16
1,2
4,8
5,13
1,13
3,4
3,4
5,14
1,22
2,6
2,13
5,23
5,5
5,2
2,1
2,12
5,25
2,24
2,11
1,9
1,12
2,13
3,19
4,14
5,25
5,1
5,16
1,7
1,7
2,16
2,6
4,23
4,5
3,21
5,14
4,15
5,2
4,18
3,22
2,9
5,8
4,11
4,18
2,22
1,13
5,5
2,11
1,8
1,1
4,13
1,12
3,22
1,11
5,7
1,6
1,10
2,18
1,1
4,18
1,4
4,24
3,17
4,23
1,25
5,24
5,23
3,16
1,9
2,16
3,14
4,1
3,5
3,3
4,13
5,20
5,6
3,10
2,2
1,6
5,24
3,11
3,4
5,13
2,12
3,10
5,19
2,10
5,8
3,11
1,19
2,6
2,21
4,19
3,11
1,20
1,1
5,18
2,19
4,22
1,21
2,1
5,6
3,2
1,21
2,21
1,6
4,24
2,16
5,16
4,4
5,22
4,8
2,1
2,24
1,9
5,1
3,7
5,13
1,9
2,10
5,10
4,7
5,13
5,13
5,9
1,10
1,17
4,9
2,24
4,12
4,18
2,14
2,3
5,24
1,20
2,3
3,3
1,8
4,15
1,23
5,19
4,11
1,16
5,14
3,7
4,15
5,4
2,21
2,11
3,20
3,19
1,25
3,17
4,12
4,15
5,11
2,22
5,3
5,5
5,3
2,15
4,24
2,16
4,9
5,8
1,6
5,13
5,4
3,12
2,18
1,22
4,13
4,22
4,22
4,6
4,24
5,6
4,2
4,17
2,1
4,12
4,10
2,16
2,20
5,14
4,8
5,13
4,4
3,16
3,13
5,9
1,21
1,5
5,2
4,11
1,8
1,8
4,14
2,12
2,20
1,23
1,1
3,10
5,16
3,4
3,18
2,9
1,10
1,3
1,15
5,8
1,11
4,7
3,18
4,17
4,12
4,3
5,19
2,21
5,4
4,1
5,8
4,16
1,3
2,10
1,24
1,22
4,18
1,7
1,7
4,20
5,18
3,10
3,23
4,11
1,2
4,1
5,21
3,21
4,10
3,12
5,21
2,25
3,7
2,6
1,7
1,5
5,25
1,13
3,22
3,19
2,10
5,6
1,12
5,3
4,9
4,25
2,24
5,17
1,1
1,14
1,12
3,24
1,3
2,20
1,22
3,10
2,13
2,22
4,13
4,6
5,17
2,18
2,1
3,21
3,9
1,2
1,24
5,15
3,2
2,11
4,18
4,18
3,21
4,2
3,6
2,6
2,6
5,4
3,13
5,6
3,13
2,15
1,14
1,23
2,18
1,11
4,16
2,22
2,8
2,23
5,4
4,3
2,6
3,1
3,16
3,22
4,22
1,14
4,13
1,10
4,18
3,4
4,14
3,16
4,4
3,6
2,15
3,11
3,12
2,23
5,19
1,8
4,1
1,24
4,17
5,17
3,3
4,6
1,24
5,13
2,9
1,19
3,16
1,23
2,15
2,9
2,21
3,18
3,12
3,19
2,13
3,11
4,21
5,12
3,21
1,7
3,7
3,21
5,8
5,24
1,2
1,13
5,25
4,25
1,8
3,22
1,12
1,20
3,3
4,18
3,18
3,18
4,3
1,8
4,20
4,4
4,13
1,6
2,18
1,8
1,18
1,17
4,6
5,21
3,17
1,6
4,15
2,15
2,18
3,19
5,24
1,10
4,10
2,22
2,2
5,18
2,12
2,5
2,8
5,19
5,9
4,4
5,12
3,24
4,9
1,6
1,9
4,25
5,21
4,5
5,3
1,14
4,14
4,7
5,6
3,11
4,2
4,9
5,24
5,6
3,17
4,2
4,13
4,15
4,25
1,6
1,13
3,22
2,8
1,10
4,18
3,11
5,7
4,6
4,21
4,17
4,14
2,24
3,23
1,11
2,15
4,3
1,2
2,12
2,6
4,17
1,4
1,12
3,2
3,7
4,24
3,3
5,7
4,20
5,15
5,1
5,16
3,20
4,6
4,17
3,6
1,10
5,18
3,10
2,19
3,20
3,10
2,4
5,2
3,13
5,2
4,10
2,6
5,9
4,21
4,10
1,19
3,2
4,5
2,5
5,21
3,15
2,4
3,3
3,4
2,18
2,8
5,7
2,3
5,24
1,23
1,20
2,21
4,15
1,12
1,14
2,21
3,10
2,10
1,13
5,17
4,12
4,19
4,14
4,7
5,4
4,11
4,20
2,25
2,6
4,9
2,23
4,14
2,4
1,15
4,7
3,8
5,15
5,19
5,16
1,12
1,14
4,4
5,8
2,1
3,5
5,8
1,21
5,4
3,14
5,22
5,14
5,21
1,2
3,20
1,2
5,3
4,9
5,25
2,8
1,12
2,14
4,12
5,16
5,19
1,16
3,21
5,17
2,16
1,10
4,17
5,18
5,18
3,5
5,9
5,10
5,24
1,18
2,8
4,15
1,25
5,13
4,18
4,2
5,12
4,20
3,2
5,16
5,7
3,24
1,9
2,2
2,2
5,16
3,10
4,20
1,19
4,21
4,19
2,20
2,1
1,5
2,25
2,4
4,14
1,22
5,12
4,7
4,12
2,18
5,5
2,15
3,15
5,2
1,7
5,21
3,5
4,12
1,21
5,19
2,22
2,10
5,10
2,15
5,23
5,15
2,10
5,21
5,15
1,14
1,10
4,13
3,21
3,10
3,22
3,5
2,9
2,4
3,16
4,6
2,23
4,9
3,1
3,13
2,25
3,9
5,20
1,3
3,3
1,7
1,3
5,12
2,6
1,22
2,6
4,12
3,5
5,20
1,24
5,5
5,2
3,1
2,6
3,14
1,11
2,23
3,20
1,5
2,25
1,13
1,8
3,16
3,19
4,1
3,16
2,24
3,3
1,20
2,16
4,1
1,16
4,22
3,9
4,1
2,15
1,23
4,10
3,4
2,6
1,9
4,9
1,2
4,19
3,20
2,17
3,16
3,11
4,23
2,21
2,16
3,10
2,8
5,20
4,5
1,13
3,4
5,17
3,16
5,16
5,14
2,5
4,15
3,15
5,17
3,15
2,10
1,3
1,25
4,25
5,12
4,19
2,10
2,7
1,25
4,1
1,19
3,12
1,12
3,8
5,4
4,21
5,16
3,9
5,14
2,12
2,16
2,18
4,7
2,16
5,22
2,10
5,20
1,12
1,9
2,14
5,17
2,22
3,22
5,19
5,9
2,10
2,16
3,21
1,16
5,11
3,11
4,10
3,22
2,9
1,18
1,7
3,8
