width,height
25,25
3,9
3,3
21,4
9,7
3,9
19,4
16,6
1,1
5,8
3,2
22,4
16,9
8,2
8,3
21,2
24,4
2,3
6,8
21,4
10,10
15,7
5,3
10,1
21,5
22,10
14,8
4,5
9,2
9,3
23,6
7,9
3,6
22,7
14,9
17,5
15,3
15,8
7,7
19,8
15,5
3,8
10,1
21,8
18,5
18,1
19,4
15,3
12,7
23,10
11,2
20,3
9,5
9,7
11,7
2,2
15,9
7,6
20,1
1,10
3,2
15,4
15,6
11,1
3,6
9,9
14,5
10,9
19,3
7,8
14,7
19,3
22,5
19,6
24,2
17,1
13,7
21,5
18,7
7,4
8,5
13,6
9,5
12,2
24,10
17,7
21,6
24,6
8,7
23,1
22,3
7,4
6,3
15,10
17,10
14,3
17,8
14,8
18,7
11,5
13,9
7,1
3,7
16,10
22,9
22,4
11,10
10,7
9,10
5,9
9,3
23,7
21,8
19,10
20,8
23,3
11,8
19,8
19,8
2,8
20,7
16,9
6,9
23,3
10,2
8,3
10,5
24,10
23,2
23,3
15,5
25,5
1,1
10,6
7,8
6,7
13,10
25,4
19,5
4,4
13,1
16,2
19,2
16,8
23,5
5,7
21,8
24,9
3,3
23,7
19,10
12,10
6,7
4,3
21,8
15,7
13,1
15,1
8,9
5,8
16,10
17,3
21,5
11,10
9,1
3,9
1,8
9,10
4,5
14,7
4,9
20,4
11,8
4,1
14,3
2,3
25,7
3,6
11,10
24,9
10,9
23,2
22,5
5,4
8,1
4,4
22,10
7,7
9,6
12,8
3,7
3,7
2,7
19,10
1,8
3,8
10,10
15,6
13,5
20,4
14,5
2,6
5,7
9,5
9,1
16,2
19,2
25,5
6,7
14,9
16,5
18,3
25,9
16,8
10,9
24,1
14,2
7,2
4,8
1,6
13,2
14,6
17,7
6,6
15,7
1,1
5,10
16,2
14,1
2,10
17,6
14,6
4,3
20,2
9,10
25,10
20,7
19,2
24,9
6,7
10,2
21,2
5,8
5,6
1,10
5,3
6,2
6,9
10,1
14,10
19,4
2,3
16,9
15,2
13,9
14,10
12,9
22,2
1,2
18,4
19,9
17,9
17,7
25,9
25,8
1,4
4,8
25,9
17,10
20,10
17,7
24,10
14,10
5,8
1,8
16,10
18,4
24,1
12,3
7,7
4,1
7,8
1,5
15,9
8,5
23,4
20,9
1,2
23,3
23,10
4,8
12,7
14,4
10,10
16,9
19,7
8,7
6,9
16,7
6,9
3,5
8,3
25,9
2,2
5,4
16,10
24,9
11,5
13,3
17,5
6,10
25,1
22,9
6,2
4,9
25,8
3,10
17,10
25,10
19,8
15,3
11,4
2,8
20,3
3,2
19,8
15,9
18,1
1,7
22,1
3,6
14,9
20,2
25,9
23,1
18,10
6,3
15,8
9,2
25,1
18,5
13,6
22,6
25,5
21,10
13,2
21,5
15,3
3,1
24,6
7,6
21,7
3,2
19,3
23,4
18,2
21,4
13,8
5,7
23,8
22,3
13,6
17,1
15,7
3,9
6,2
15,7
10,8
2,8
9,4
1,8
21,5
1,1
13,4
9,4
14,1
22,9
3,1
9,9
21,6
6,2
2,10
23,5
9,1
19,8
19,5
14,4
24,7
9,8
17,10
5,8
21,10
22,2
15,6
25,5
20,9
18,7
16,1
18,5
11,10
23,8
17,5
5,10
6,1
3,8
17,6
14,3
10,5
13,10
14,1
17,7
11,5
22,6
11,4
11,1
22,8
3,7
12,5
6,3
3,1
5,2
19,4
15,9
10,4
22,5
6,1
21,1
16,5
8,4
4,8
19,1
18,9
15,8
5,4
8,6
9,10
22,1
16,8
8,7
1,4
15,9
13,5
19,1
15,1
24,9
12,7
5,6
19,7
6,4
18,9
18,3
22,10
12,2
3,9
17,7
13,8
13,6
7,1
15,2
19,6
15,1
16,6
14,2
15,8
25,2
5,1
14,2
5,7
5,5
8,7
23,5
8,6
17,9
22,5
2,6
17,10
22,2
8,10
3,7
6,9
10,7
11,6
21,4
25,5
2,7
7,7
11,9
14,6
9,1
25,6
4,4
19,7
9,4
22,3
16,10
23,4
19,2
18,1
24,9
9,10
21,2
17,2
3,6
10,3
8,10
20,10
10,6
9,1
9,8
10,2
10,6
9,9
11,4
16,2
10,4
2,10
18,4
19,6
7,7
22,1
1,5
1,4
3,4
19,4
6,6
2,4
19,7
19,6
11,4
20,10
23,6
24,1
5,8
24,4
10,9
7,6
13,6
20,9
3,5
25,9
11,8
24,8
21,7
1,7
18,10
10,7
17,6
5,10
20,1
23,5
2,7
12,4
16,7
9,5
3,5
6,2
7,8
8,3
17,10
20,4
8,1
3,4
18,1
1,5
8,4
19,5
12,6
19,7
2,1
8,7
20,7
22,10
11,10
21,3
1,8
21,3
24,1
23,4
3,4
19,9
4,4
9,2
8,9
21,6
5,7
25,8
9,3
8,4
5,2
21,8
11,3
8,5
3,4
21,3
16,4
20,8
17,9
22,1
1,10
4,8
2,8
10,7
25,10
3,6
10,10
14,5
16,2
3,9
22,3
2,5
8,9
6,3
9,2
7,10
7,2
16,7
21,9
19,10
9,3
5,2
20,1
11,6
24,10
6,8
1,3
16,5
16,10
3,5
14,7
12,6
23,3
8,6
5,9
1,7
25,3
23,9
19,2
16,10
18,10
4,5
23,10
17,9
4,4
24,10
9,6
4,5
13,3
11,6
9,7
5,7
3,8
18,4
8,4
21,1
1,9
12,5
17,6
7,9
24,9
14,8
4,10
2,8
22,3
21,8
21,2
22,4
12,8
4,7
6,4
20,6
15,1
13,1
12,10
7,4
1,3
12,2
4,6
5,2
7,5
15,7
8,1
10,7
13,5
18,1
4,1
5,6
14,5
13,1
24,1
17,10
7,2
20,6
2,10
18,8
17,9
23,2
23,1
14,8
9,4
25,1
3,2
11,4
3,4
9,5
9,3
22,7
13,9
19,1
19,7
2,9
15,4
9,2
2,3
6,5
3,10
3,3
20,10
11,6
25,1
17,5
21,4
10,9
20,3
20,4
20,2
14,3
6,9
20,1
23,5
4,10
13,9
23,10
10,1
2,5
4,6
21,8
20,1
3,10
16,7
17,4
19,8
16,10
25,6
13,6
19,10
9,2
2,4
6,4
1,7
6,2
7,7
11,7
15,6
25,3
6,1
4,1
18,6
6,6
14,6
5,7
8,1
10,5
16,6
8,9
8,3
1,2
14,6
16,4
9,6
4,3
13,3
11,1
8,4
14,3
11,1
6,9
1,3
23,9
17,4
9,2
6,2
7,4
12,4
10,5
16,6
21,2
1,7
17,6
2,10
13,3
22,2
9,6
18,7
14,3
6,6
11,2
1,2
23,1
16,5
11,3
14,2
5,1
19,5
4,10
5,6
7,2
12,4
15,5
7,2
6,4
8,7
8,3
16,9
18,6
23,8
13,10
21,7
21,9
19,7
2,4
5,8
23,4
23,6
9,4
23,6
2,3
25,6
16,9
3,2
16,7
24,6
21,2
4,2
18,5
7,2
18,5
16,10
17,5
6,7
13,1
18,5
2,5
15,5
12,6
11,2
9,8
4,7
10,5
18,5
25,10
12,3
8,1
15,8
24,9
4,10
23,10
20,7
10,10
25,3
24,6
8,5
4,3
13,5
22,7
3,7
23,10
16,1
25,4
3,6
17,7
15,6
6,2
18,4
7,1
24,5
20,6
3,5
20,7
17,7
21,2
7,9
4,5
25,10
5,10
1,10
3,3
22,1
19,9
16,4
11,7
9,10
24,6
21,4
19,4
3,8
15,2
21,5
25,8
5,8
17,7
19,7
7,9
9,4
1,5
21,6
16,6
10,6
23,2
10,3
22,2
21,3
12,8
23,7
7,10
21,1
15,6
17,1
14,10
7,2
15,1
9,5
15,6
12,10
18,3
2,6
7,2
1,5
24,3
9,9
10,5
2,5
13,7
1,2
12,10
3,3
9,9
19,6
1,10
8,10
20,3
20,4
19,8
7,4
17,2
6,1
22,10
21,4
1,7
24,2
5,2
23,8
22,4
14,8
21,9
22,6
9,6
23,8
21,5
19,2
7,1
10,2
19,3
4,7
25,3
7,2
8,10
4,3
15,3
20,2
6,2
20,10
21,1
13,4
17,10
19,8
25,7
11,3
23,5
4,9
4,7
4,7
11,8
17,10
18,8
16,1
4,5
11,9
15,5
22,1
13,2
13,8
16,7
8,10
3,1
10,6
7,5
3,7
5,8
12,4
7,9
2,9
