width,height
25,5
21,5
18,4
25,5
12,1
15,2
4,4
19,2
21,4
13,4
11,1
23,4
20,3
23,5
3,4
3,3
25,1
17,5
20,3
5,5
14,3
2,4
20,2
11,3
19,3
9,1
11,3
11,3
23,4
16,1
22,3
17,4
19,3
16,3
5,5
2,5
25,4
18,2
12,3
11,1
13,5
11,5
4,5
5,1
21,5
24,4
14,2
8,5
24,3
6,1
20,1
21,4
11,2
16,1
11,2
13,1
17,3
7,5
15,4
13,4
4,3
11,5
11,4
21,5
19,1
21,3
12,4
15,2
10,5
6,3
6,4
11,2
7,1
20,1
18,5
13,3
9,3
10,4
2,2
24,3
2,4
19,1
1,4
22,3
2,4
3,2
10,3
2,1
16,1
11,2
17,5
1,4
15,5
20,4
17,1
4,5
23,3
25,2
25,1
6,1
20,3
8,5
21,1
20,2
8,5
22,3
11,3
21,5
16,2
6,5
6,3
20,5
22,5
25,2
25,3
3,5
22,2
20,2
6,4
10,5
7,2
20,5
25,3
9,5
13,3
23,3
25,1
6,2
12,3
11,1
22,1
14,4
18,5
9,5
11,2
14,4
3,2
13,1
9,3
20,5
1,4
17,1
10,3
12,2
10,1
12,4
4,3
17,4
22,1
1,1
13,3
22,3
11,1
12,4
21,2
20,4
22,2
5,5
1,3
4,2
18,5
19,2
21,3
2,5
12,5
11,5
23,2
22,5
18,2
11,3
9,4
6,1
9,2
15,2
17,4
3,4
6,4
17,1
20,3
8,5
19,2
3,5
17,1
24,1
7,4
1,2
13,1
4,4
17,4
13,3
6,1
3,1
7,3
5,5
9,3
23,1
3,2
11,5
22,4
7,2
7,1
14,4
9,2
21,4
6,1
25,5
7,1
13,1
17,2
1,5
15,1
13,2
5,4
13,4
24,1
19,4
24,5
5,5
2,1
14,2
2,4
22,2
19,1
14,5
11,3
17,1
7,1
18,3
22,4
1,1
11,2
20,1
20,1
4,1
6,1
3,3
4,5
13,1
24,3
19,4
5,2
19,3
13,3
19,4
21,3
7,2
3,3
12,5
17,4
3,4
3,3
4,2
15,1
19,5
24,5
5,1
18,1
17,3
16,2
12,1
8,5
19,3
25,4
16,2
17,5
19,5
6,3
6,1
3,1
22,5
12,5
9,4
7,3
11,4
5,2
12,2
13,3
10,4
4,5
9,1
13,3
15,2
8,4
4,2
1,2
17,3
20,4
16,4
4,2
7,2
3,4
3,1
12,5
16,4
17,5
22,1
25,2
13,2
15,4
18,2
17,5
20,2
3,2
9,5
10,3
18,3
5,1
2,1
5,3
19,2
18,1
5,2
20,2
25,3
18,2
4,3
19,5
14,2
10,4
16,3
7,4
14,4
18,5
18,5
21,3
19,1
13,3
2,4
12,2
6,3
16,4
19,5
19,1
6,5
3,5
2,5
2,5
4,5
3,5
2,1
19,1
3,3
22,4
9,1
21,4
17,2
18,1
3,2
4,4
13,5
18,5
13,2
3,3
20,1
6,1
8,4
16,4
22,4
25,1
20,4
2,5
3,1
7,1
10,5
19,2
7,2
15,1
8,5
16,5
8,1
24,1
19,5
21,2
7,4
4,1
24,2
8,5
19,2
3,4
14,1
21,3
10,2
2,3
14,3
11,5
3,4
2,2
21,4
3,1
8,4
5,3
14,3
21,4
8,1
11,3
16,5
24,4
4,2
14,2
10,1
11,4
3,3
3,5
8,2
20,4
23,4
15,2
4,1
9,1
2,2
13,3
17,3
3,4
1,2
11,4
10,3
16,5
24,3
22,1
23,5
4,1
24,3
7,5
7,4
3,4
15,4
7,5
6,4
19,3
20,1
2,2
14,4
19,2
7,1
9,4
19,2
14,5
10,4
2,2
14,1
13,5
21,4
15,4
18,2
21,3
11,4
21,2
1,5
10,1
18,3
11,1
7,1
25,5
7,1
16,4
3,4
24,2
19,2
8,5
14,5
11,4
7,4
11,5
19,4
7,1
17,5
12,3
17,1
16,5
24,1
12,2
7,5
23,3
11,5
22,1
3,5
13,5
10,5
6,4
2,3
7,3
12,1
11,3
11,5
23,1
20,4
12,1
23,3
11,5
1,1
10,2
19,2
14,4
16,4
11,3
18,1
6,5
11,3
15,4
22,1
15,1
9,3
15,1
21,3
6,1
4,4
14,5
21,2
7,5
5,4
21,1
7,3
14,1
11,2
14,5
3,2
9,1
4,3
4,5
25,1
17,4
1,5
24,4
22,2
16,2
20,1
13,2
3,4
25,5
22,4
13,1
2,3
15,3
6,3
9,4
22,1
18,2
9,4
14,1
21,5
8,5
15,4
19,1
16,2
17,4
22,2
19,4
1,5
19,5
25,1
4,4
8,1
20,3
21,2
2,3
11,4
9,1
22,1
25,2
20,5
5,4
19,4
25,4
16,2
5,1
5,5
5,3
8,1
15,4
25,4
8,5
23,1
5,2
5,5
18,3
15,2
18,3
5,4
1,1
18,1
1,1
11,1
7,5
5,2
1,2
23,2
15,1
16,3
23,3
23,1
12,4
23,3
5,3
10,1
8,5
9,5
12,4
10,1
11,1
12,4
3,4
3,4
22,4
13,5
16,3
19,2
1,3
19,4
12,5
8,1
6,2
1,3
9,2
20,5
22,4
14,4
9,5
9,2
15,3
7,5
6,1
6,3
4,3
6,4
20,5
3,1
10,3
21,4
25,3
2,4
25,4
2,5
13,5
16,4
25,2
9,4
21,1
13,4
7,3
23,1
18,4
4,1
9,3
5,1
7,5
21,5
22,4
3,2
5,3
25,2
15,2
11,5
20,5
13,5
5,2
24,1
23,5
17,5
11,4
23,2
4,4
13,1
9,5
14,5
21,4
14,3
8,4
21,2
8,3
7,4
3,3
24,4
22,3
17,4
3,5
23,5
12,5
13,5
5,2
22,2
21,2
18,3
17,5
3,2
15,4
9,1
10,3
9,2
7,2
5,1
18,4
20,1
25,2
25,3
13,5
17,1
22,1
12,3
16,5
24,1
17,4
16,3
21,3
17,3
20,1
22,1
17,5
4,3
15,4
18,4
24,1
18,4
1,5
14,4
14,4
12,2
15,3
9,3
10,4
24,3
3,2
24,5
9,1
23,4
25,2
10,1
10,2
16,5
1,4
19,3
6,3
19,3
14,5
8,3
2,1
9,1
11,1
24,2
14,3
19,2
1,4
2,3
14,4
18,5
17,2
2,3
22,2
20,4
2,4
11,3
18,5
25,5
24,2
16,5
8,5
22,5
1,1
8,4
11,4
12,5
4,5
19,2
13,3
12,3
21,5
13,1
5,2
12,3
12,5
8,3
9,5
4,5
18,2
19,5
23,3
18,5
18,1
4,4
17,2
21,3
7,5
2,3
14,1
5,4
6,3
24,5
25,2
17,5
16,5
15,3
25,2
23,2
20,4
1,3
13,3
2,3
8,1
4,5
13,2
9,5
1,2
14,3
16,2
16,4
5,5
6,4
17,1
19,4
19,1
2,3
25,4
10,2
12,2
18,5
15,4
8,3
3,5
19,2
8,5
16,5
9,4
5,4
19,1
25,5
4,2
1,5
17,5
2,4
9,1
11,2
5,1
12,1
9,5
15,3
14,2
4,4
23,2
1,1
9,3
14,5
10,5
10,3
10,3
22,2
11,4
18,2
5,4
16,3
23,3
25,1
6,2
16,1
6,4
7,2
7,4
24,4
14,3
24,1
9,1
14,3
21,1
12,3
17,2
20,5
11,2
7,4
8,3
10,2
18,2
9,4
23,4
7,5
12,4
23,4
18,1
8,1
18,3
16,4
14,1
21,1
17,2
19,4
6,1
10,3
20,1
23,1
13,2
4,3
13,4
10,3
11,4
17,4
24,1
13,4
25,4
2,1
6,5
22,2
22,3
10,4
23,5
14,5
10,4
15,1
25,4
23,4
14,4
9,4
8,5
22,5
13,2
17,1
13,5
13,1
16,4
19,5
3,1
24,1
6,1
23,1
15,5
21,5
19,1
8,2
10,5
10,4
10,1
3,3
4,3
6,3
25,5
12,2
2,1
20,1
8,2
5,1
1,3
3,4
16,4
6,2
10,3
15,1
24,2
16,2
4,5
7,5
22,2
1,3
16,1
6,1
20,2
21,4
17,1
13,5
11,4
10,3
19,2
6,3
16,1
14,3
4,4
7,2
7,1
24,5
21,1
11,2
22,5
17,5
17,3
13,1
6,5
1,3
17,1
1,3
14,4
21,4
16,3
5,3
1,5
6,3
2,2
23,5
11,3
23,1
23,5
23,1
1,5
19,4
14,1
13,2
21,1
6,4
8,1
21,4
11,3
12,2
25,3
1,4
3,3
20,3
17,4
