width,height
25,10
9,4
20,3
12,6
1,3
6,3
12,9
24,2
11,7
20,6
23,4
13,9
20,3
5,6
18,3
7,7
13,3
1,3
21,4
20,2
15,9
4,3
5,5
25,8
14,10
15,2
13,3
4,3
17,3
21,9
12,10
8,9
14,8
23,5
15,6
13,9
13,7
9,9
21,9
18,4
12,1
21,6
4,9
20,3
6,10
20,9
5,1
21,9
8,5
25,3
9,8
1,4
21,8
22,9
22,8
13,4
25,7
6,1
2,10
22,6
15,10
2,6
14,1
13,4
13,1
9,2
11,2
21,8
4,9
2,9
10,8
17,2
11,2
25,4
10,5
7,8
7,1
23,8
21,2
15,6
22,10
17,5
6,10
8,4
25,10
7,1
9,4
18,9
2,9
17,8
16,9
1,8
14,2
21,6
18,8
12,4
3,7
11,6
15,1
20,4
4,7
10,7
11,10
14,3
18,6
13,3
1,3
2,10
25,10
14,7
23,6
13,8
16,8
13,6
22,3
6,10
16,10
5,9
14,4
16,4
1,4
2,5
25,10
3,2
5,10
20,9
2,8
4,8
7,8
13,10
12,8
12,10
11,4
15,10
11,10
16,6
8,7
21,7
23,8
4,8
11,6
15,6
2,4
12,4
15,9
20,6
19,4
24,1
24,7
13,3
15,6
12,10
24,2
9,4
11,2
24,9
23,9
21,2
14,3
3,8
15,2
11,8
1,4
22,10
12,6
12,10
10,3
11,8
20,8
23,6
19,3
14,2
20,8
8,7
21,8
2,7
3,2
12,1
5,6
10,2
8,10
11,8
24,1
2,8
23,7
23,8
6,8
11,9
12,4
17,2
15,9
25,1
17,10
18,1
2,2
7,3
6,10
10,8
20,6
19,10
8,6
10,8
7,9
24,5
12,8
20,10
14,1
7,7
9,9
16,4
22,10
25,2
20,7
21,10
12,4
15,8
18,8
10,3
5,7
18,4
13,4
15,2
22,1
7,6
18,2
18,4
22,3
22,5
13,5
17,10
25,4
23,7
15,5
6,4
12,1
24,7
4,7
21,9
18,3
2,5
25,4
19,4
1,9
11,5
25,3
21,3
11,2
10,8
17,9
20,4
22,6
12,5
22,5
8,8
19,9
19,8
19,10
8,6
24,4
4,6
14,10
9,10
8,8
19,10
11,3
6,8
6,6
17,8
9,7
19,5
10,4
16,2
12,3
18,10
6,8
18,5
10,3
15,6
20,1
13,5
13,3
23,8
11,7
4,9
11,3
2,7
4,9
4,2
25,4
1,4
3,1
17,9
3,5
12,5
25,10
25,3
3,3
19,6
15,10
24,8
22,10
11,5
16,10
25,4
19,6
4,5
8,4
24,3
1,2
22,6
12,8
7,5
23,7
1,3
8,2
23,7
10,9
22,6
10,2
13,6
17,7
10,3
12,4
24,9
2,9
22,4
25,4
13,6
19,2
13,1
12,10
10,5
7,4
20,9
23,2
4,2
20,6
18,1
22,4
7,8
6,1
16,8
12,10
23,1
23,8
8,4
8,4
25,2
10,2
15,2
5,5
22,2
24,4
8,3
11,10
18,4
15,9
3,8
15,4
5,8
20,9
23,4
12,10
6,7
23,9
17,3
7,7
7,10
17,10
16,4
15,10
12,6
10,9
12,7
4,10
6,8
25,7
16,5
4,3
18,1
5,7
5,10
25,6
16,2
13,1
21,5
19,1
19,7
3,1
3,5
20,6
13,6
10,4
11,7
24,6
3,5
1,4
7,4
3,10
6,3
5,3
15,3
24,10
3,9
21,2
25,6
3,9
23,9
1,8
3,5
24,3
16,5
1,6
2,7
9,6
24,5
25,9
6,2
5,4
11,2
9,9
4,6
20,6
2,10
19,5
22,7
3,10
17,9
21,2
6,6
23,8
6,1
5,10
13,6
4,8
1,9
17,1
11,8
22,8
2,6
7,4
16,9
13,4
22,5
9,5
3,8
11,3
23,4
4,2
23,4
3,10
14,6
16,6
19,6
14,9
1,9
17,5
6,4
6,6
7,7
18,10
7,7
13,8
4,1
24,1
18,5
22,6
7,6
14,1
12,2
10,4
10,1
15,4
14,10
17,10
18,4
10,2
1,7
18,3
16,1
3,4
21,4
18,8
11,6
3,2
5,6
10,7
13,5
24,2
12,3
7,1
20,10
21,7
12,5
19,10
9,8
22,10
1,5
2,10
7,6
2,5
24,3
25,2
14,2
13,2
7,8
25,3
2,8
12,2
9,7
7,10
15,5
8,9
9,2
25,9
2,1
21,7
5,9
6,5
19,10
17,3
24,9
25,8
2,2
6,9
7,2
18,1
20,10
10,3
19,7
3,7
9,10
25,2
15,10
15,1
5,4
8,6
20,5
17,5
16,9
1,1
10,3
9,8
17,1
16,3
24,2
15,9
21,9
10,6
6,8
4,9
20,1
20,3
11,1
4,6
12,1
6,2
12,7
15,4
10,3
6,2
9,9
20,2
10,7
4,4
5,10
11,2
25,7
12,10
12,3
9,4
5,4
10,1
10,3
18,7
20,1
23,9
5,1
9,6
21,8
21,2
8,3
21,4
11,2
14,9
18,1
20,5
5,10
11,2
24,1
19,1
2,7
4,1
5,9
7,10
20,6
8,5
12,5
8,8
13,9
2,4
15,5
10,5
16,5
3,8
19,2
23,4
10,5
17,6
15,4
12,4
3,10
11,7
16,6
18,4
5,4
11,6
18,6
23,4
4,8
10,6
22,5
14,2
22,9
18,10
18,10
23,3
15,3
20,7
1,9
23,5
19,2
4,3
10,8
14,3
11,7
15,6
10,2
21,4
9,8
7,1
19,6
14,1
18,4
1,8
16,3
4,10
10,9
14,8
24,7
23,10
22,3
20,4
2,4
4,9
23,7
20,5
25,2
22,7
23,9
16,10
7,4
10,3
14,6
15,4
22,4
12,9
1,2
5,5
11,10
16,2
16,3
17,8
20,9
12,4
9,3
9,3
23,6
13,2
19,9
5,5
19,4
9,8
4,7
21,2
3,3
16,9
22,8
25,5
7,7
1,2
12,6
2,4
15,1
12,8
24,1
19,9
24,8
10,2
8,5
25,8
3,7
22,7
4,3
17,8
25,10
8,8
13,9
9,3
1,7
23,5
16,5
8,2
17,6
5,5
13,10
13,5
20,9
5,1
1,10
20,9
3,5
12,9
18,6
2,2
5,2
11,9
17,4
11,9
9,10
10,10
18,1
18,6
23,4
10,8
18,6
11,2
8,5
19,2
15,10
25,10
10,1
12,1
19,9
8,4
3,6
11,1
24,2
21,2
19,5
24,10
15,6
13,8
21,1
9,5
4,3
11,8
12,10
16,3
25,1
10,7
16,6
21,6
23,10
6,9
2,7
21,10
23,7
11,1
13,4
23,4
14,6
22,4
23,10
8,5
7,9
24,5
23,4
21,6
19,3
12,5
7,6
4,10
24,8
13,3
23,7
6,3
24,1
11,3
5,4
1,1
24,10
23,3
17,6
13,4
7,5
15,10
9,9
17,1
3,1
12,5
8,10
17,8
14,5
19,2
25,3
25,10
3,1
10,8
11,4
1,8
19,9
24,9
3,2
13,8
15,2
6,2
6,9
24,7
2,5
24,4
20,9
4,5
13,9
13,1
18,4
23,6
24,9
10,9
24,8
14,3
6,4
14,10
21,2
24,2
22,4
18,10
8,10
2,5
2,2
5,8
25,7
11,8
19,3
22,3
6,8
21,5
15,8
5,9
2,10
17,6
22,7
7,5
22,6
16,7
1,3
20,2
25,7
5,1
7,7
19,9
6,8
5,6
13,8
9,5
4,5
24,5
8,3
11,5
7,8
6,6
21,9
24,10
19,8
12,9
9,8
16,9
4,2
23,7
7,8
17,1
7,2
1,9
10,3
4,3
19,6
24,1
25,1
23,6
13,10
11,5
25,4
22,7
12,7
17,7
2,3
24,6
6,4
23,2
9,6
8,3
14,6
1,6
20,10
11,5
14,10
13,6
12,10
13,5
14,2
25,4
6,10
13,6
22,5
12,3
12,6
25,2
12,5
18,7
17,3
11,7
1,2
16,5
5,5
25,6
14,2
9,2
7,7
10,10
15,2
12,4
10,3
1,6
10,9
10,4
9,7
13,8
20,8
7,1
14,2
20,2
21,4
1,4
3,9
20,1
10,7
18,6
3,9
12,4
23,8
19,10
2,2
8,4
21,4
20,9
2,3
11,9
19,10
23,10
12,9
7,9
13,4
19,9
17,3
15,2
12,7
21,1
19,9
25,3
16,5
6,6
24,1
23,5
5,7
19,3
12,6
23,4
15,6
7,7
25,7
3,10
6,9
11,8
18,5
13,5
8,8
25,6
2,4
3,1
25,9
16,2
5,5
15,4
6,4
21,10
9,5
21,5
4,10
20,2
22,8
14,3
