width,height
10,25
2,17
4,20
2,3
2,9
2,1
2,24
4,11
5,19
4,13
4,14
1,3
3,4
5,11
5,18
4,14
4,6
3,12
1,3
3,1
5,25
5,24
5,10
4,1
1,11
1,21
3,7
1,9
5,5
5,3
2,8
1,3
5,9
4,17
1,4
1,12
2,8
5,6
2,22
2,1
3,9
5,22
2,20
1,10
1,7
1,12
4,24
1,5
2,3
4,22
3,16
4,7
5,2
1,6
3,21
4,15
5,18
5,20
4,23
1,18
3,19
4,24
1,17
5,10
3,15
3,8
1,23
5,9
4,3
2,5
2,10
1,17
2,17
4,11
4,9
5,15
5,10
1,14
4,13
3,13
3,15
2,16
2,24
1,10
5,11
4,13
1,3
3,17
3,16
4,20
5,9
4,25
5,5
5,25
5,8
1,13
4,5
2,5
2,9
1,10
4,24
5,1
3,21
3,21
5,23
2,3
3,10
2,10
2,13
4,9
3,10
4,3
3,2
4,13
5,14
3,2
5,7
2,8
5,1
3,19
4,4
1,10
2,23
4,15
4,11
1,21
4,20
5,15
2,6
4,4
1,16
5,3
5,25
5,24
1,19
4,3
3,25
5,16
4,2
2,21
2,20
1,19
2,7
2,23
5,11
4,16
4,17
3,2
1,15
2,8
4,3
4,13
1,19
1,12
5,18
4,20
3,1
3,15
2,3
5,22
5,5
1,22
1,22
5,20
1,5
5,5
5,13
2,4
3,12
4,5
4,19
2,7
4,2
1,1
3,2
4,3
5,11
4,8
4,4
3,2
5,24
5,16
3,10
4,6
3,25
2,3
2,6
2,25
5,1
4,17
2,4
4,17
5,10
4,25
2,8
2,20
1,11
3,21
5,6
1,13
5,6
5,4
2,21
5,8
5,20
2,12
4,18
2,12
2,15
1,8
1,14
4,17
2,12
1,15
1,23
5,7
3,14
3,21
1,8
1,18
5,15
4,23
1,7
2,13
2,12
3,20
3,4
5,11
5,24
5,7
2,13
2,22
1,19
1,19
1,3
3,14
5,16
1,23
5,8
1,12
1,13
3,7
2,12
4,11
4,25
3,23
4,17
2,21
2,8
5,4
5,9
1,15
1,18
5,20
3,9
2,11
1,10
5,14
3,5
4,23
4,14
2,17
2,17
4,5
5,14
1,5
1,11
2,8
5,20
2,24
3,12
2,6
2,13
4,21
4,13
2,22
1,9
2,11
3,15
2,4
3,3
4,1
2,5
3,11
2,14
1,11
2,9
2,18
5,14
5,6
5,2
5,10
3,17
2,8
4,18
4,1
4,19
5,23
1,10
2,13
5,23
1,21
3,17
3,10
4,1
3,24
4,18
4,24
2,11
4,11
3,20
2,12
1,10
4,24
1,21
2,12
4,15
3,24
4,22
3,12
4,16
5,19
2,12
4,1
2,18
5,12
5,25
2,13
5,14
4,24
5,11
1,15
1,21
1,21
3,3
2,21
2,2
3,12
5,8
4,16
2,18
4,24
1,1
2,7
1,5
4,7
3,18
5,15
2,13
2,11
5,17
4,16
3,3
1,3
3,15
2,5
5,20
5,12
5,12
5,24
3,9
4,6
5,19
5,21
4,16
5,16
1,8
3,25
1,2
5,23
5,25
3,9
3,19
5,18
1,18
1,4
2,7
5,2
5,23
2,25
4,25
5,4
4,18
3,7
1,9
3,20
3,1
2,23
5,18
4,25
5,10
5,4
5,2
4,19
2,24
1,16
4,20
5,24
2,23
3,8
2,1
2,5
1,4
1,6
4,20
1,15
4,25
3,3
2,5
1,4
2,1
2,21
5,22
1,23
3,18
3,19
4,13
5,23
3,22
4,15
2,20
2,1
2,10
3,6
2,25
2,1
1,18
2,4
3,12
4,6
2,4
1,8
5,16
3,19
4,20
2,8
1,12
4,3
1,7
1,4
5,21
2,25
2,12
1,17
2,2
1,5
3,8
2,21
5,6
5,24
4,7
1,16
1,24
5,21
3,2
4,21
5,10
1,3
4,13
3,25
3,20
5,16
2,14
4,14
1,15
3,17
2,5
4,9
5,23
5,10
3,21
1,2
1,15
4,21
4,4
1,9
4,11
3,25
3,13
1,25
3,6
4,7
1,8
4,11
2,12
2,22
1,4
5,14
4,15
2,2
4,11
2,4
3,22
4,17
2,5
5,6
2,8
4,8
3,20
4,23
4,21
5,15
4,13
5,14
2,7
4,14
2,6
5,12
3,7
1,6
3,7
3,4
2,2
1,19
3,1
4,24
2,19
3,12
5,17
2,11
4,6
4,23
2,10
5,7
2,18
5,25
4,1
5,6
1,3
4,25
1,17
4,18
2,21
5,18
5,22
2,4
1,7
5,24
1,24
3,8
2,11
5,4
4,25
3,4
5,21
4,18
2,18
2,9
1,10
1,16
4,22
1,10
3,16
3,18
4,1
5,22
3,3
5,19
1,13
1,16
2,25
2,13
2,22
4,1
1,15
2,2
5,5
2,4
5,5
4,15
5,11
1,17
3,13
4,1
3,18
1,3
5,1
1,25
2,20
2,10
2,10
2,21
4,17
2,12
1,15
1,2
2,6
2,3
5,17
2,13
4,23
3,19
5,15
5,18
4,18
1,21
1,10
1,22
5,14
1,12
1,17
5,3
1,2
4,17
5,11
5,20
4,8
5,3
1,12
5,21
5,8
2,23
4,19
1,2
3,22
5,24
1,23
2,1
2,1
4,18
1,4
1,8
4,7
5,13
2,17
4,5
4,4
2,1
3,16
3,3
2,25
3,8
1,14
1,15
1,17
4,6
1,19
3,22
1,25
1,17
2,6
5,17
4,5
4,13
4,7
2,24
2,1
1,9
4,14
2,15
3,4
4,15
5,5
4,4
1,5
4,19
1,7
1,13
5,8
5,13
4,14
5,11
3,10
5,8
5,21
3,6
5,3
5,25
3,13
2,12
3,19
1,16
5,23
3,22
4,9
1,8
3,6
3,2
4,3
4,8
1,14
5,17
2,23
3,21
4,15
4,21
3,24
1,16
3,2
4,11
5,3
3,16
4,2
2,10
2,11
2,2
1,20
3,6
3,17
3,6
4,6
2,18
5,11
4,17
2,11
5,20
5,7
3,5
3,15
2,12
5,22
3,7
3,25
1,23
3,1
1,22
1,2
1,13
3,7
1,7
2,7
4,24
2,9
3,4
5,16
1,23
3,15
3,1
2,19
1,21
5,4
3,11
1,13
1,25
1,21
5,16
4,16
4,18
2,4
5,3
3,21
3,15
4,21
3,6
5,11
4,12
2,18
4,5
3,15
4,23
5,25
3,10
4,18
2,23
2,9
2,6
4,3
1,1
4,22
2,24
4,6
5,22
2,2
5,16
1,2
4,19
3,6
4,6
5,8
5,2
1,19
5,25
3,10
1,1
3,14
4,3
3,23
4,15
2,10
4,1
1,12
4,13
3,7
2,4
4,11
1,2
5,10
5,20
5,11
2,8
4,19
3,14
4,21
1,11
3,23
2,5
1,21
2,9
3,3
3,11
5,13
2,20
1,21
5,13
5,4
4,16
4,6
5,8
2,7
5,8
4,3
5,5
4,10
4,7
3,14
4,12
1,2
4,12
4,4
2,25
1,12
1,8
2,16
1,3
3,21
1,4
2,8
3,12
5,21
5,7
3,25
1,5
4,5
4,7
1,4
1,7
4,2
2,5
1,15
5,7
1,10
5,5
1,21
2,16
5,13
1,13
4,18
5,14
2,5
2,20
3,18
4,3
4,9
5,1
1,21
2,1
5,11
5,5
3,8
1,21
1,18
4,20
2,22
3,5
3,13
4,4
4,8
4,2
1,22
4,19
4,15
4,1
1,25
1,11
4,20
4,15
4,16
4,7
2,18
5,12
3,25
1,1
1,3
3,4
5,9
5,15
4,20
2,23
3,5
5,4
4,15
2,24
5,11
5,24
2,21
2,3
4,1
5,1
5,9
4,20
5,13
2,9
5,7
3,3
5,14
1,11
2,22
3,13
1,25
1,9
5,3
5,8
3,7
2,22
2,10
4,9
2,23
3,12
5,11
4,24
5,13
1,15
2,4
1,12
5,1
1,7
5,1
4,11
2,12
5,13
2,6
4,20
5,5
3,5
1,21
2,9
4,2
3,18
2,18
1,25
2,2
4,2
1,12
4,18
1,19
2,15
3,24
1,13
2,5
3,10
5,17
4,20
3,3
1,5
5,13
4,17
3,13
1,13
4,19
4,22
4,16
5,1
5,7
3,7
3,14
1,24
5,11
1,5
1,7
4,10
3,8
2,1
5,5
5,17
4,22
5,18
2,4
3,18
3,1
4,15
2,8
2,12
3,14
3,25
1,22
2,6
1,19
5,5
2,23
5,9
5,10
4,15
5,4
4,6
4,19
5,25
5,24
1,2
4,5
1,22
2,19
