width,height
5,25
3,25
4,25
5,21
1,11
4,18
3,13
2,13
5,1
1,21
4,8
1,17
5,4
4,18
2,8
5,20
1,11
1,10
5,1
2,15
5,16
1,8
4,23
5,4
5,22
2,20
1,20
4,7
3,13
3,7
1,13
3,20
3,23
2,25
4,11
4,20
4,3
4,12
1,12
1,18
4,12
5,18
3,25
5,23
2,25
1,19
4,19
3,10
3,25
1,14
3,12
4,7
1,1
2,10
1,18
3,3
4,23
2,25
4,4
2,23
1,5
2,24
2,19
5,24
4,22
4,17
3,13
3,23
5,10
4,9
3,13
4,5
4,7
5,18
4,21
1,12
3,24
5,7
1,15
1,21
4,16
2,11
5,3
3,3
2,24
4,3
4,5
1,23
3,4
1,1
5,5
5,14
4,23
4,7
5,17
1,19
5,22
2,15
5,16
2,4
2,23
4,10
2,22
4,2
1,24
1,8
4,8
4,21
5,19
4,16
2,7
3,20
1,15
2,23
3,24
3,14
1,6
3,5
2,23
2,2
5,9
1,16
4,11
2,25
3,5
2,10
3,5
3,17
3,7
1,15
3,19
3,11
4,9
1,14
4,25
1,13
1,16
4,13
2,17
5,22
3,5
3,1
1,22
1,17
1,23
2,18
5,12
3,20
2,20
5,11
4,24
2,21
4,1
4,2
3,18
3,23
5,21
4,7
2,19
1,8
1,12
3,4
5,16
5,19
5,14
4,22
1,19
4,11
5,3
1,18
3,16
3,17
5,6
1,5
2,18
2,6
5,25
4,6
3,13
2,20
5,6
5,16
4,3
1,7
4,22
1,23
2,23
4,14
5,17
4,17
2,9
2,21
1,19
1,16
4,14
5,14
2,25
5,10
5,25
2,1
5,4
1,6
3,3
1,6
5,6
1,15
1,17
5,24
3,19
4,18
1,19
3,20
5,10
2,1
1,7
1,12
4,15
1,8
3,14
3,14
1,13
5,7
2,12
4,8
4,5
2,1
4,1
2,7
2,22
5,9
2,13
4,10
3,5
3,21
4,3
3,3
5,6
4,20
5,6
1,21
3,25
3,17
2,15
3,3
4,8
5,24
2,19
2,17
2,19
5,4
3,19
2,1
4,10
4,2
3,17
3,17
1,25
5,4
1,5
2,6
2,2
1,5
1,11
5,9
3,3
5,6
1,19
2,22
5,12
1,22
1,9
5,17
3,25
1,24
5,23
1,24
4,20
2,19
2,7
4,19
4,15
2,18
2,7
5,12
3,24
3,18
2,24
5,1
5,8
2,3
2,24
5,11
5,24
3,8
3,19
4,24
4,3
2,4
1,17
4,2
2,15
1,11
3,10
2,25
4,23
4,23
1,22
4,8
5,22
4,21
4,4
4,7
5,1
3,13
2,21
4,5
3,12
3,10
5,11
3,8
5,17
2,17
5,20
2,9
1,25
5,5
1,5
3,11
5,24
3,23
3,20
1,7
4,11
4,5
3,22
2,18
3,18
3,10
3,7
2,11
4,15
4,15
2,22
1,8
1,3
4,4
1,4
2,9
4,16
2,2
5,8
4,17
1,15
2,14
4,25
3,23
5,23
5,1
5,22
5,1
2,8
2,21
4,14
4,17
5,20
3,18
5,12
5,6
1,7
2,21
2,23
3,3
3,24
4,18
3,16
4,6
1,14
4,8
4,25
5,2
5,25
1,2
4,15
2,7
1,2
1,14
3,19
3,23
3,24
4,11
3,3
4,9
2,3
3,1
4,6
4,16
2,25
4,24
1,15
3,9
3,25
4,10
5,6
4,5
1,11
3,3
3,18
5,1
4,17
3,17
5,3
1,24
3,19
4,5
1,23
5,12
4,14
3,5
4,13
3,22
4,16
1,9
4,18
5,4
5,10
5,20
1,5
2,16
5,11
3,19
1,1
5,18
5,15
4,3
2,17
3,25
1,19
1,14
2,22
2,15
2,17
3,24
1,23
4,19
4,6
4,25
3,16
2,10
1,19
1,20
3,13
5,25
1,2
1,7
5,13
1,3
5,11
3,8
4,4
4,1
5,22
5,4
5,13
3,9
5,18
2,20
2,6
4,12
3,21
2,11
5,22
2,10
4,17
1,2
4,23
5,9
5,12
5,6
3,13
2,19
2,13
4,19
4,11
5,25
2,13
3,6
1,2
2,21
3,22
4,16
1,25
4,18
1,1
2,10
1,25
3,16
4,4
2,7
5,1
5,13
1,12
2,19
5,25
5,21
1,2
5,19
2,7
1,6
4,10
5,14
5,1
2,9
3,9
3,17
4,8
5,13
3,6
4,19
5,4
3,23
4,2
2,16
1,2
5,24
4,11
1,23
5,18
2,2
2,18
3,18
4,18
5,25
4,16
1,2
3,9
1,15
5,4
1,7
3,11
5,21
2,12
3,11
4,6
5,10
3,14
3,9
3,15
4,19
3,20
5,17
1,4
1,22
2,23
2,9
2,10
2,1
3,16
1,1
2,20
1,13
1,12
4,21
3,15
4,6
4,2
1,8
5,14
4,10
3,9
5,22
1,7
5,24
4,15
1,15
1,22
2,3
4,10
1,11
5,19
4,20
3,9
2,8
3,16
1,1
5,7
1,9
3,16
4,8
5,24
4,9
1,1
3,24
2,1
2,16
5,10
3,21
2,4
2,6
2,18
4,23
5,10
5,17
2,9
2,2
3,18
2,12
2,1
3,8
1,16
5,17
4,5
4,7
4,14
4,4
4,25
2,8
4,7
1,4
1,9
5,15
2,8
3,16
2,15
3,6
2,9
2,16
3,8
2,24
4,25
3,6
2,25
4,15
2,22
5,11
5,17
4,11
5,11
4,10
4,10
2,12
1,3
3,25
4,20
2,21
1,15
2,6
3,4
2,15
3,10
5,7
1,22
1,22
2,16
1,21
5,24
1,22
2,23
5,6
4,9
1,6
2,11
5,2
4,8
3,22
2,9
5,17
3,21
1,20
5,12
2,11
2,20
3,24
3,4
3,22
1,24
2,14
3,9
3,6
1,6
1,20
4,5
3,24
3,3
3,21
2,17
1,20
5,24
2,2
3,11
5,4
4,16
3,11
5,22
5,18
1,12
5,16
2,2
2,19
3,11
4,17
2,14
2,7
1,3
5,24
5,19
3,3
5,16
5,17
3,9
1,22
1,9
2,2
2,6
4,13
1,25
4,7
3,1
3,5
5,25
3,8
4,17
2,9
4,7
1,22
1,12
4,10
4,6
5,11
1,9
5,15
2,1
4,16
2,22
1,4
5,15
5,10
3,6
5,2
2,4
1,5
1,23
4,1
1,2
5,6
5,8
1,1
1,16
4,23
4,5
5,13
3,15
5,8
3,1
5,8
1,14
1,23
2,2
5,2
3,21
5,22
4,16
4,25
4,22
5,7
2,16
3,9
3,12
2,1
1,14
1,20
5,20
2,24
2,2
4,17
5,22
3,18
2,3
5,3
4,21
3,11
1,21
2,7
5,5
4,8
2,11
5,3
1,12
5,8
4,11
5,19
2,3
5,16
3,6
1,10
4,11
2,9
2,12
1,22
4,9
2,14
2,12
4,8
2,25
3,9
3,8
5,5
1,11
1,18
3,7
5,7
4,9
2,3
2,11
1,9
4,13
3,5
3,25
5,25
5,12
4,11
4,2
5,11
5,21
4,25
2,1
1,6
5,18
3,19
5,18
5,22
1,19
1,6
5,2
2,3
3,9
4,15
4,7
4,22
5,7
2,4
2,18
5,25
3,8
5,19
5,18
2,2
3,14
2,10
4,19
4,4
4,17
4,23
2,24
1,22
3,14
1,1
4,22
1,24
1,8
1,8
5,1
4,19
3,2
3,7
5,13
2,8
3,10
5,9
4,4
4,3
1,21
3,17
1,4
1,25
2,2
4,24
1,13
1,25
3,9
2,24
4,16
4,8
4,6
3,24
4,14
1,13
5,1
2,4
5,12
2,15
5,15
4,13
1,25
4,24
3,1
2,17
5,17
2,6
3,24
1,7
1,23
4,5
1,14
4,15
5,13
3,15
1,20
3,19
2,15
1,10
2,21
5,1
5,16
4,14
5,22
4,9
4,3
2,18
5,9
4,3
1,3
5,23
2,3
3,8
5,12
4,17
5,2
4,25
3,3
1,3
3,15
5,21
4,23
4,4
5,16
4,3
2,18
5,23
3,11
1,11
5,17
5,11
2,10
3,6
4,5
4,25
1,1
3,20
3,1
3,17
4,6
1,25
1,5
1,15
1,14
2,13
3,4
5,23
3,22
4,4
5,3
3,10
5,8
5,6
3,19
3,17
1,8
5,7
4,11
1,25
2,8
4,12
5,9
5,24
2,10
1,19
4,9
1,6
1,8
5,18
2,17
2,8
5,21
1,8
3,22
4,2
1,23
1,24
2,23
5,18
5,3
1,1
2,9
1,9
2,23
5,22
1,4
3,15
4,4
5,23
2,14
